1.241099677979946164e-02
1.215823821723461227e-02
1.194772657006979051e-02
1.176127221435308533e-02
1.156099706888198859e-02
1.142037305980920722e-02
1.131906826049089432e-02
1.114687517285346992e-02
1.091097030788660063e-02
1.062357708811759865e-02
1.054084207862615585e-02
1.022939052432775449e-02
1.001955626532435341e-02
9.709046706557273448e-03
9.539845958352088581e-03
9.123449586331844677e-03
9.052265472710131766e-03
8.952098116278648515e-03
8.786402884870767385e-03
8.529293946921825964e-03
8.325387164950371136e-03
8.169914837926625997e-03
7.967292107641696722e-03
7.771150097250938311e-03
7.570281401276588232e-03
7.639706898480654040e-03
7.594621311873197590e-03
7.340913005173206607e-03
7.187353167682886297e-03
7.067206092178821356e-03
7.022813074290752515e-03
6.927937995642423873e-03
6.707871034741401395e-03
6.636344566941261049e-03
6.538744103163480342e-03
6.436646617949008664e-03
6.511545330286025619e-03
6.289897449314594234e-03
6.228385828435421302e-03
6.159298382699489836e-03
6.082124784588813574e-03
5.900955740362406193e-03
6.013488564640283307e-03
5.926815643906593184e-03
5.822439659386873662e-03
5.812454950064421116e-03
5.768894404172897512e-03
5.744674596935510531e-03
5.566589552909135402e-03
5.653263553977012218e-03
5.515712331980466426e-03
5.428409278392791817e-03
5.372395422309637208e-03
5.389904109761118646e-03
5.281379967927932358e-03
5.317346621304750408e-03
5.269628707319498270e-03
5.252898950129747217e-03
5.162093713879585197e-03
5.210766419768333296e-03
5.108719598501921047e-03
5.152530316263437098e-03
5.047817900776863272e-03
5.130912587046623612e-03
5.119782909750938450e-03
4.996548974886536910e-03
4.890945777297019993e-03
4.842549236491322864e-03
4.812689125537871968e-03
4.795714877545833275e-03
4.789733467623591770e-03
4.743614662438631023e-03
4.697672035545111084e-03
4.666502736508846422e-03
4.689761968329549113e-03
4.693460622802376504e-03
4.646407915279269010e-03
4.729607691988348822e-03
4.746634867042302981e-03
4.644634081050753698e-03
