2.462691660970449392e-02
2.386663660407066512e-02
2.240340337157249381e-02
2.321358449757099027e-02
2.229000523686408899e-02
2.266809381544589858e-02
2.209811143577098888e-02
2.155673854053020630e-02
2.139314495027065319e-02
2.057434916496276786e-02
2.066020943224430167e-02
1.899867661297321292e-02
1.899478621780872206e-02
1.922538727521896224e-02
1.813792541623115637e-02
1.781540691852569538e-02
1.676732376217842171e-02
1.710700329393148589e-02
1.673477075994014851e-02
1.621270772069692556e-02
1.565334249287843663e-02
1.557892784476280247e-02
1.519522421061992624e-02
1.440877810120582553e-02
1.445335876196622918e-02
1.429333455860614700e-02
1.423967577517032575e-02
1.387387473136186648e-02
1.354606200009584455e-02
1.312807857990264809e-02
1.327662475407123503e-02
1.294664047658443395e-02
1.235957998782396400e-02
1.251333687454462065e-02
1.217373847961425795e-02
1.194579601287841866e-02
1.209619030356407117e-02
1.160496693104505483e-02
1.160059258341789197e-02
1.146612044423818595e-02
1.126349624246358871e-02
1.095908876508474433e-02
1.118006195873022003e-02
1.103751342743635247e-02
1.086218316107988302e-02
1.081263728439807968e-02
1.079575724899768836e-02
1.074374802410602535e-02
1.039252832531929044e-02
1.051710210740566288e-02
1.025571584701538003e-02
1.013191275298595470e-02
1.002711676061153467e-02
1.009981084614992169e-02
9.769871123135090082e-03
9.915727227926253440e-03
9.886865504086017609e-03
9.787996038794518142e-03
9.619719833135604442e-03
9.684077017009257854e-03
9.656121730804443151e-03
9.614157881587743690e-03
9.366446789354086061e-03
9.551846496760845254e-03
9.569923132658005385e-03
9.330490846186876089e-03
9.171920195221901217e-03
9.057528041303157529e-03
9.032196067273616513e-03
8.983608782291412770e-03
9.021380692720413000e-03
8.878478799015283168e-03
8.844711128622293264e-03
8.760607726871967246e-03
8.825604468584061224e-03
8.772804122418164513e-03
8.740843161940575409e-03
8.845218420028687356e-03
8.943200092762709080e-03
8.700633402913809239e-03
