1.241099689155816983e-02
1.215823829174041831e-02
1.194772668182849870e-02
1.176127228885889137e-02
1.156099706888198859e-02
1.142037317156791715e-02
1.131906826049089432e-02
1.114687506109476173e-02
1.091097015887498856e-02
1.062357712537050254e-02
1.054084222763776793e-02
1.022939067333936657e-02
1.001955622807145126e-02
9.709046818315983374e-03
9.539845883846282543e-03
9.123449660837650715e-03
9.052265416830778538e-03
8.952097948640585362e-03
8.786402922123671272e-03
8.529294021427632003e-03
8.325387164950371136e-03
8.169914949685335923e-03
7.967292051762341759e-03
7.771150115877390255e-03
7.570281531661749233e-03
7.639706898480654040e-03
7.594621386379003629e-03
7.340912930667400568e-03
7.187353204935789316e-03
7.067206073552370280e-03
7.022812943905592381e-03
6.927937995642423873e-03
6.707871034741401395e-03
6.636344604194164068e-03
6.538744121789932286e-03
6.436646562069654569e-03
6.511545367538928639e-03
6.289897356182337120e-03
6.228385828435421302e-03
6.159298364073037893e-03
6.082124840468168536e-03
5.900955721735954250e-03
6.013488471508026192e-03
5.926815718412399223e-03
5.822439603507518699e-03
5.812454987317323268e-03
5.768894515931606570e-03
5.744674522429704493e-03
5.566589590162038421e-03
5.653263498097658123e-03
5.515712276101112331e-03
5.428409371525048932e-03
5.372395347803831170e-03
5.389904137700796127e-03
5.281380042433738396e-03
5.317346602678299332e-03
5.269628781825304309e-03
5.252898950129747217e-03
5.162093695253134121e-03
5.210766512900591278e-03
5.108719523996115008e-03
5.152530334889889041e-03
5.047817844897508309e-03
5.130912549793720592e-03
5.119782947003841470e-03
4.996548993512987986e-03
4.890945777297019993e-03
4.842549357563257460e-03
4.812689088284968948e-03
4.795714924111962700e-03
4.789733374491333788e-03
4.743614727631211524e-03
4.697672091424465179e-03
4.666502699255943402e-03
4.689761986956000189e-03
4.693460576236247947e-03
4.646407924592494548e-03
4.729607626795768321e-03
4.746634913608431539e-03
4.644634034484625140e-03
