1.258444715291261694e-02
1.221869509667158210e-02
1.202140994369983729e-02
1.189832180738449076e-02
1.180444344878196772e-02
1.165291164070367778e-02
1.149527400732040447e-02
1.139413382858037865e-02
1.117240931838750853e-02
1.102666091173887253e-02
1.082808330655097954e-02
1.059673652052879264e-02
1.042532119899988209e-02
1.020279757678508800e-02
1.026468247175216751e-02
9.740723147988319258e-03
9.748503025621175697e-03
9.453558772802352420e-03
9.208418130874633512e-03
9.120371751487254749e-03
8.884592168033122322e-03
8.925516977906227875e-03
8.796285744756460537e-03
8.385985195636748435e-03
8.243437856435775757e-03
8.296150416135787686e-03
8.106692191213370202e-03
7.873323895037174364e-03
7.880815863609313618e-03
7.517868634313345372e-03
7.472370844334363590e-03
7.385454885661601847e-03
7.250135540962219030e-03
7.126490678638219486e-03
7.032335195690393378e-03
6.982721481472253452e-03
6.878281403332948615e-03
6.742877177894115656e-03
6.724638380110264241e-03
6.529681757092476238e-03
6.478965263813734471e-03
6.387304384261370017e-03
6.229108143597841644e-03
6.226136572659015864e-03
6.250424049794673677e-03
6.213762369006872212e-03
5.946575179696083485e-03
6.039217170327901459e-03
6.002805531024933174e-03
5.928411986678839077e-03
5.851327572017907784e-03
5.762151852250099564e-03
5.640181377530097649e-03
5.566713660955429320e-03
5.585555117577314065e-03
5.603106543421745162e-03
5.625260882079601184e-03
5.436593778431415662e-03
5.311063472181559025e-03
5.363528914749622623e-03
5.462824087589979345e-03
5.283847078680991780e-03
5.192845240235328778e-03
5.258040335029363910e-03
5.154600869864225422e-03
5.104653723537922079e-03
5.129604227840900074e-03
5.123332198709249115e-03
5.053318943828344692e-03
5.015138946473598862e-03
5.022107381373644083e-03
5.061377137899399081e-03
5.046371128410101145e-03
5.014346633106470282e-03
4.948704997077584510e-03
4.886680245399475063e-03
4.808559026569128418e-03
4.886058028787374809e-03
4.866917766630649705e-03
4.767850125208496909e-03
