2.425958938896656189e-02
2.412174589931964999e-02
2.298874966800212860e-02
2.277546480298042395e-02
2.357964977622032179e-02
2.272425070405006270e-02
2.199038580060005271e-02
2.193157993257045801e-02
2.183508411049842751e-02
2.115283675491809803e-02
2.106453962624072959e-02
2.020547203719615798e-02
2.019810095429420624e-02
1.911580696702003604e-02
2.001172699034213867e-02
1.860629856586456382e-02
1.865790642797946972e-02
1.771967541426420351e-02
1.774567753076553359e-02
1.748320002108812166e-02
1.676435086876153918e-02
1.694016221910715075e-02
1.676198270171880625e-02
1.597120553255081121e-02
1.560380622744560186e-02
1.587277308106422452e-02
1.524224396795034395e-02
1.473402082920074498e-02
1.484105039387941319e-02
1.391193144023418482e-02
1.415625121444463730e-02
1.405948821455240208e-02
1.365027353167533840e-02
1.348139766603708226e-02
1.346452057361602860e-02
1.303577292710542644e-02
1.316175557672977399e-02
1.259922232478857124e-02
1.275290753692388465e-02
1.210420247167348813e-02
1.233024280518293415e-02
1.205030556768178947e-02
1.167281635105609817e-02
1.178388379514217453e-02
1.165200412273406996e-02
1.167724139988422435e-02
1.112465467303991318e-02
1.134998727589845574e-02
1.127460662275552722e-02
1.122059002518653939e-02
1.093351595103740637e-02
1.088235717266797936e-02
1.069082386791706148e-02
1.041781757026910733e-02
1.042297422885894720e-02
1.070241328328847864e-02
1.056275390088558253e-02
1.023012783378362579e-02
9.943398348987102231e-03
1.003034379333257731e-02
1.030507326126098647e-02
1.000031393021345166e-02
9.742149598896503865e-03
9.900398664176463318e-03
9.737775251269341001e-03
9.577143006026744843e-03
9.721475429832935125e-03
9.621990658342838981e-03
9.507970735430717329e-03
9.440818615257740715e-03
9.431826323270798076e-03
9.543751254677773285e-03
9.452244155108929444e-03
9.566955007612705855e-03
9.307342767715453408e-03
9.256710186600685883e-03
9.052527174353598716e-03
9.239347912371157975e-03
9.205662459135056236e-03
9.002848304808139593e-03
