1.258444711565971305e-02
1.221869498491287218e-02
1.202141001820564332e-02
1.189832199364900672e-02
1.180444344878196772e-02
1.165291156619787175e-02
1.149527419358491870e-02
1.139413367956876831e-02
1.117240939289331457e-02
1.102666087448597038e-02
1.082808315753936747e-02
1.059673663228750257e-02
1.042532116174697820e-02
1.020279727876186385e-02
1.026468254625797355e-02
9.740723073482513220e-03
9.748502913862467506e-03
9.453558847308158458e-03
9.208418168127537398e-03
9.120371602475642672e-03
8.884592130780220171e-03
8.925517089664936066e-03
8.796285632997750611e-03
8.385985251516103398e-03
8.243437949568032871e-03
8.296150267124175609e-03
8.106692153960466315e-03
7.873323913663625440e-03
7.880815882235764694e-03
7.517868764698505506e-03
7.472370732575655400e-03
7.385454848408698827e-03
7.250135634094477012e-03
7.126490641385316467e-03
7.032335288822650493e-03
6.982721351087093319e-03
6.878281384706497539e-03
6.742877271026372771e-03
6.724638417363166393e-03
6.529681719839573219e-03
6.478965338319539642e-03
6.387304402887821093e-03
6.229108236730098759e-03
6.226136516779660901e-03
6.250424087047576696e-03
6.213762275874615097e-03
5.946575142443180466e-03
6.039217133074998439e-03
6.002805586904287269e-03
5.928412061184645115e-03
5.851327385753393555e-03
5.762151796370744601e-03
5.640181470662355631e-03
5.566713772714138378e-03
5.585555192083120103e-03
5.603106599301100124e-03
5.625260919332504203e-03
5.436593778431415662e-03
5.311063490808010101e-03
5.363529026508331680e-03
5.462824143469333441e-03
5.283847041428088760e-03
5.192845202982425759e-03
5.258040335029363910e-03
5.154600907117128442e-03
5.104653779417276174e-03
5.129604265093803094e-03
5.123332235962152134e-03
5.053318962454795768e-03
5.015138965100049938e-03
5.022107400000095159e-03
5.061377100646496062e-03
5.046371221542358260e-03
5.014346744865179339e-03
4.948704959824681490e-03
4.886680282652378082e-03
4.808559045195579494e-03
4.886058010160922865e-03
4.866917859762906820e-03
4.767850125208496909e-03
