1.262881025671958903e-02
1.225360337644815396e-02
1.214199423789977944e-02
1.196031760424375555e-02
1.186901867389678934e-02
1.175342854112386773e-02
1.162601515650749269e-02
1.154445011168718331e-02
1.142854131758213113e-02
1.120575997978448882e-02
1.095447614789009025e-02
1.075679529458284378e-02
1.052958872169256280e-02
1.049098379909992225e-02
1.008531533181667404e-02
9.914615526795386713e-03
9.773455690592527945e-03
9.667210876941681463e-03
9.340800251811743130e-03
9.099503457546233645e-03
8.697916306555270732e-03
8.500533103942871024e-03
8.237261641770601134e-03
8.321901857852935860e-03
8.153155315667390268e-03
7.911603339016437877e-03
7.776876837015151908e-03
7.800008859485388010e-03
7.447284013032913486e-03
7.239142581820488115e-03
7.335976175963879013e-03
7.117886245250702043e-03
7.014551088213920489e-03
6.959838028997182569e-03
6.735521443188190530e-03
6.608735807240009343e-03
6.480287984013557642e-03
6.475058067589998384e-03
6.388498637825250348e-03
6.240912880748510083e-03
6.170314885675907274e-03
6.214573215693235120e-03
6.106251459568739007e-03
6.100111454725265329e-03
5.988620817661285088e-03
5.913792289793491468e-03
5.803089905530214171e-03
5.834314525127410472e-03
5.790595468133688008e-03
5.780359674245119476e-03
5.706577785313129633e-03
5.662028323858976468e-03
5.531917978078127081e-03
5.576604623347520932e-03
5.447936449199914689e-03
5.324952416121959790e-03
5.352498553693294144e-03
5.359263792634010037e-03
5.286055952310562446e-03
5.203476641327142715e-03
5.296999402344226664e-03
5.364540554583072281e-03
5.184638854116201470e-03
5.106688123196363553e-03
5.062009543180466010e-03
5.014598891139030075e-03
5.043421871960163116e-03
4.940675646066665719e-03
4.904405269771813965e-03
4.870028067380190173e-03
4.875638829544186661e-03
4.866221239790319980e-03
4.798825932666659667e-03
4.863459579646587337e-03
4.750650860369205059e-03
4.763268381357193409e-03
4.898923328146338567e-03
4.807962337508797646e-03
4.751743264496326863e-03
4.671799419447779378e-03
