2.460768125951290006e-02
2.399934075772762465e-02
2.359176389873027940e-02
2.352658502757549314e-02
2.335684500634670202e-02
2.193043187260627913e-02
2.249525532126426738e-02
2.190973572432994981e-02
2.263557620346546076e-02
2.185638450086116805e-02
2.127496771514415796e-02
2.047929272055626013e-02
2.011212185025215010e-02
2.011154271662235135e-02
1.921771135181188708e-02
1.921900928020477128e-02
1.818050775676965589e-02
1.835889346897602234e-02
1.726615000516176085e-02
1.697168339043855778e-02
1.617149367928505041e-02
1.610757224261760712e-02
1.510845467448234530e-02
1.557188842445612030e-02
1.508054669946432176e-02
1.461699716746807029e-02
1.437198553234338844e-02
1.444299411028623567e-02
1.381808210164308520e-02
1.336276575922966045e-02
1.366817437112331432e-02
1.313459139317274017e-02
1.282485283911228256e-02
1.278823062777519233e-02
1.245674684643745429e-02
1.225310105830430991e-02
1.185255859047174530e-02
1.206205982714891357e-02
1.160977423191070571e-02
1.155469141900539350e-02
1.142325133085250917e-02
1.131463520228862679e-02
1.116591900587081930e-02
1.127656422555446680e-02
1.102797780185937881e-02
1.083474136888980949e-02
1.077329203486442587e-02
1.075919419527053902e-02
1.067357342690229347e-02
1.060602474957704489e-02
1.051333665847778258e-02
1.044500529766082680e-02
1.030276514589786516e-02
1.026624724268913186e-02
1.007418710738420403e-02
9.812950342893599770e-03
9.883171357214450350e-03
9.953235909342765531e-03
9.805311709642409654e-03
9.610247686505318451e-03
9.827435761690140464e-03
9.904348962008953719e-03
9.612496159970760484e-03
9.511061478406190872e-03
9.368375949561595986e-03
9.264123905450106361e-03
9.353412277996540902e-03
9.181545488536358227e-03
9.022825341671704760e-03
9.052703455090523044e-03
9.004665482789277545e-03
9.067713618278502863e-03
8.822596296668053228e-03
9.029430914670228195e-03
8.829234167933464050e-03
8.781745005398989071e-03
9.108069948852062780e-03
8.972655124962329934e-03
8.797018080949783533e-03
8.714248239994049766e-03
