1.262881025671958903e-02
1.225360319018363973e-02
1.214199427515268333e-02
1.196031741797923958e-02
1.186901856213808115e-02
1.175342876464128411e-02
1.162601493299007457e-02
1.154445003718137727e-02
1.142854113131761516e-02
1.120575994253158493e-02
1.095447611063718810e-02
1.075679522007703774e-02
1.052958879619836884e-02
1.049098372459411621e-02
1.008531529456377016e-02
9.914615452289580674e-03
9.773455653339624058e-03
9.667210839688777577e-03
9.340800251811743130e-03
9.099503383040427607e-03
8.697916306555270732e-03
8.500533048063516062e-03
8.237261828035115363e-03
8.321901764720678746e-03
8.153155222535133154e-03
7.911603357642888953e-03
7.776876967400312042e-03
7.800008710473775933e-03
7.447284013032913486e-03
7.239142600446939191e-03
7.335976026952266936e-03
7.117886207997799024e-03
7.014551032334566394e-03
6.959838140755891626e-03
6.735521592199802607e-03
6.608735863119363438e-03
6.480288039892911738e-03
6.475058030337095365e-03
6.388498693704605311e-03
6.240912936627865046e-03
6.170314978808164388e-03
6.214573010802268947e-03
6.106251496821642026e-03
6.100111566483974387e-03
5.988620854914188107e-03
5.913792252540588448e-03
5.803089812397957056e-03
5.834314581006765435e-03
5.790595356374978950e-03
5.780359655618667533e-03
5.706577785313129633e-03
5.662028379738330564e-03
5.531918052583933119e-03
5.576604567468165970e-03
5.447936449199914689e-03
5.324952472001313886e-03
5.352498516440391124e-03
5.359263736754655942e-03
5.286055989563465465e-03
5.203476697206496811e-03
5.296999402344226664e-03
5.364540554583072281e-03
5.184638854116201470e-03
5.106688179075717648e-03
5.062009524554014067e-03
5.014598956331610576e-03
5.043421927839517212e-03
4.940675571560859680e-03
4.904405251145362889e-03
4.870028011500835211e-03
4.875638922676443776e-03
4.866221137344837327e-03
4.798825969919562687e-03
4.863459644839167838e-03
4.750650878995657002e-03
4.763268409296870023e-03
4.898923309519886624e-03
4.807962235063314126e-03
4.751743273809552401e-03
4.671799419447779378e-03
